100358207194877
100434457118836
100907000544324
102951766868784
103018280149867
105748889945441
105830259937955
106022733351505
106976726503385
108083386389305
108207283072339
109263536374451
109366799723812
109519716374013
109570086340525
109926896319280
110541832796761
111226122613241
112096489347328
112167909424599
113524659293479
113587885835166
113615552623223
114709349160328
115784292314757
116069842279309
117044781970979
117147432112893
117319021981316
118514851988143
120263651880779
120367195220686
121039568492277
122195098393999
123908728211488
124944937964105
125029214656016
125246454577928
125946731169362
128056631073380
128065954454800
128449831032606
128623151038038
128926024366016
128965984369272
129435710966653
129759614050690
129998790881736
130223977524533
130267577442497
131903097368700
132458290685568
132460353999340
132780927176464
132871967264196
133241137227280
133772357121107
134707260293811
136522616898489
142310782967164
142967142856092
144764706080899
146102319223056
147273735681417
147369059095036
148250228918066
148990778994517
150272262048047
150391908828953
150448702161196
150880458778462
150995318783015
151218542070135
151511911938163
154226771760209
154494298340767
155202848378837
156700704700803
156797854766902
156829634818511
157121464702014
158431801351291
160529334479541
160694481130821
162026840915353
162609707519450
163136850897882
164384100739067
164793103924530
165454143950533
165872823855311
166934667163178
167815650317128
167856273621882
168254140251404
168572627019649
169287560232842
169410023556120
170858946760943
172420466512753
175873026270930
178132152632754
181638925595742
182224205611346
182576878874021
183762398712869
183817322120663
184673398697009
184958188661248
185736711576052
186636548482552
186854715055541
187528455043814
191415711053409
192326181178957
192597734508178
192804654564347
194979360885685
195445970944733
195572730865976
196690250761682
198293150697586
198453050688620
198814583792248
199839777182047
200341233698633
200482377040774
200816003660961
201607310337764
202417173582305
202530216928128
204768553338338
205499499852067
206222689868984
207439789661178
208100729598372
209404886247659
210632616015321
212734495913341
215083972326426
216217698876734
218455295226228
219810771748491
220463821713448
220922705059471
220938405015307
221015485089302
221937768219918
221985118175981
222239214881015
222429074829704
223834967785033
225045884624294
226803854437560
227926477610845
229289457555624
229519147530087
230627187358795
232588687218159
234287233639811
235505333527390
235770720203651
235938076892892
236984366650137
237592783411625
239359079803475
239508376426824
239987993160267
240155243123054
240533846377088
241439226344580
241907899592241
243119136122723
243362422781537
243527512723522
243963586043062
245003259324807
245094722661100
245560679282673
245794979225726
246352059132915
246591552450737
246931812466038
247052572468303
247086245755200
247563442406172
249991332101557
250388098735924
254516558237670
255196161647680
256325578131379
257404584694503
257421711297167
257499284734587
257629847923554
257844984662902
260983271025735
261307234323975
261367474259051
261867710910163
262159820929580
262965257471679
263273174130701
263683057415290
263851997345995
263935843963310
264019624039080
264228423772580
264307337298455
264389497323676
264893733978100
266217023757272
266412550469417
267804553702130
268090043669826
268473926926645
268677370219341
269272030140062
269802366770342
270168550006201
270252260101612
271249759918641
272532146466401
274140769634464
275302289610160
275672519525741
279273579144715
280904532346977
280981825569562
281410282327304
283316978808638
284842148644063
285767691880093
285784845199819
286704111740350
287694824992313
288334114927980
288880774631216
289116418215457
289786384806622
290099404787867
290192051343514
291707724538185
291732564550039
292797257834247
293808787701388
293835261037697
293855847648208
294100184350086
294277717592192
296870390740696
297058177401931
297934893914925
300787586957197
301414736938898
301903946918420
302997180161102
303522036767878
304040569938958
304394243315764
304436773304591
304930286630099
305060936614571
308593609552710
308618752582610
308914962795801
308942636231533
313140965705635
313225309037977
313595035651699
313787728973466
314270875395631
314756415315714
314978702292869
316810608721523
317032078681473
318163755027333
318332161943781
320966091655767
321502928268862
323035374819779
323286911403740
324259598018678
324451824641522
325839411149977
326112434473184
327377190981519
331918093914267
332332433818422
334234473603353
338589622931826
338783569804933
338976346260628
340026319725538
340756262952555
341459156212155
343097292721578
346914582369921
349994388733268
351765811841354
352381218485069
352623658462914
353069564897473
354801451545239
355494824795951
356173641419481
358996857804314
361217814245736
362506560784377
362593474078748
363862513949780
365453287146448
366021347110236
367519393584849
367838119980851
368053403567174
372283593168478
372364133112760
375271376194692
378976889163390
379269139133833
385991708454062
390667017959831
393145784398194
394135747628354
398524773837312
398635677181373
404426506571184
405723423136843
405764873143143
406941409646752
407554932922995
410621239337046
412927212251297
413392835717955
413506632192923
415704415431313
416547658701691
419389718452925
420362044962148
422358738123815
423099741365639
426365357699125
426812834190311
428353464175745
431605403841502
431849163871855
433067337063262
435292279971569
435341390149975
436875439994638
439904036394980
444270085709371
445906565749794
446317809093812
446362812373295
446642978860151
446646545715139
446747155682983
450539928475847
450605348482147
451211665268539
451710145017733
453757311417063
455094614858118
455746191485007
456836391140371
458831781130859
461718160840355
463908220640419
465015967185763
465490390475608
474790946195872
476979705984415
480577325456196
483155398538032
484165741670536
487587834905829
487762538229270
488856961323587
492970114242018
494746507528355
498729253666103
510028845859385
515200305298498
515756191950768
521304394585918
521344048057222
525595210944501
533788786823315
536561293218556
537184459823540
540997772725671
546531935547461
546781342196279
548453368695811
554481888088492
554517411406575
555528134576700
556921637847141
557093191143553
558188164339154
560757760789910
562210377310514
562928487242053
563518180505151
565084267011156
570748999787232
572705292917216
573957009468084
574322152735591
577512735773465
577830785758161
578071402402876
579353715570722
586627771485589
587602654720500
587861594737104
587863954735365
590187884358555
592340617590494
592898670906797
597610130448215
598370437022792
598483130356241
600511376781586
601826263344422
601921066663016
603376706510561
605566272938222
608060546058925
609672412503467
609799942558057
610058069195613
610767919103113
616059118430571
616399258558456
616430248551075
622869347874462
626096780926434
626186867542108
626227377388413
627655174101076
627850697339447
628648933960124
631385893736518
633148083559558
635609913267910
638029336394765
638980746297377
639347386222935
642260155957408
645202945684454
647620805419782
648492942021459
649515315186413
652333848303416
653601484699264
653816378104240
654871564681257
655702987959725
656216991212891
657140384457865
658069231007276
658625954330547
658671824332337
668530809940755
669262133226385
669937103207809
672444746245221
672450429584284
679170032235078
681118602036645
683994921804679
690970857737756
692196930936512
694514660699021
694587380682261
696183067208679
697387220405771
698311720360466
699064636933466
700913626737406
701953233292928
704682336388334
704933999671597
705329946335229
705401709597922
706014029571105
709120925906351
710830842410668
713541015492915
713806335463514
718030681634065
718304631686079
723928154436194
731767146954885
732573570237555
734438393360263
735341323280375
739763492859532
741544542713641
746859718746795
749646661881714
751293771709159
752455518237247
761743300658295
774876079350417
779921335491479
782152048558044
782585965225785
790936107725794
792567554223573
795671320555644
797694940405215
797741576995778
799427710211063
804439113054154
807475349405179
809965842421546
810215529147422
812045525603344
816453075170629
816575345163618
817788005026881
819381654887778
822727547875950
823488754455180
826649417369304
834827896681295
836858293081340
837185589767580
839494659559880
840435859427325
842574479230935
842862015857793
842969589191183
844442089081827
848624468618138
850580858350770
853037318158978
858468200952386
860128487484571
861131077346432
869364669847626
874610926006772
878752032222612
879448962164740
888264164638608
906372646168993
911944722177422
923021154444248
933606046739730
936499819810549
939772399496585
941660215968440
947139342016966
954544627988393
956237191185114
957153291005349
958223674284423
961179864003911
963329917145859
968469163299775
969928696450549
974502652653744
974773285964615
975251675927038
978325218977975
980714535393752
982619511844303
985101714844915
985709468226552
985816421561938
986747868097897
987818781318077
990270384413098
992567514213084
992614557504290
1008920492518539
1010717032290403
1023091571146112
1024125224360575
1027934350637587
1029275827141947
1030443513743365
1031772260269151
1044278038954624
1048045318599991
1048526491942395
1051738078256913
1054177327994493
1056541524420211
1057241704408526
1057741930927874
1066720706697528
1067447946663308
1070027986379371
1072263919530236
1074095635942662
1074540905990744
1077854298990991
1081923845247902
1084974241565327
1087594601338636
1090289827723060
1090875010953913
1097771130366715
1101725136572997
1102705469876087
1104564382953661
1104715906304047
1104833139612207
1105335579554941
1106681582700552
1106867429383339
1107271526062473
1107887359311689
1108342325898603
1108992089138847
1113823032028749
1115088795278962
1117196261663062
1117728638371420
1122260144555550
1125630417495637
1132297753527633
1137144423027921
1139838559390116
1140041989423628
1146350765397626
1151036954974890
1153187984753374
1155477667854735
1158008290962540
1158117037533765
1164813943630542
1165982840116138
1166004133460753
1166222766793749
1171845536238308
1173291589425732
1173590016090471
1177445885646548
1180235342086279
1182394228540625
1183203165158783
1183365888414802
1185044994950557
1187354481309732
1188591077850326
1189667441159120
1194708620597097
1194948907253638
1196163443745265
1199057650119210
1200516720009361
1202066889809412
1202297703219133
1203099719746935
1206765576067327
1207262422630564
1209286885856854
1211049925626977
1215349021833756
1216008308437938
1216855275077295
1224269294259543
1225493214155980
1227657667322214
1229245030486058
1233075440115930
1233118940084218
1234574289954158
1236287069756637
1239649979404941
1240611256057801
1242381085850028
1244935985564488
1248989788505175
1251131298300073
1252489254870874
1255249691152576
1259431077517667
1259433567448759
1259668024076035
1264449156941933
1265478436795740
1265534943472707
1268776563212920
1273525109363231
1275026725843016
1278445658914558
1278512618903873
1280757815291568
1281193335278486
1281630858619120
1282232638478006
1288110587902022
1288393947909129
1289617431122290
1289636197792283
1298384910279663
1299234076832895
1301799116557377
1303329123063516
1307496982642277
1309073322482924
1309901535751676
1312066008874965
1314189468613359
1317076625050273
1317912788270669
1323060874405176
1324521630988031
1325130707566329
1335871086434121
1338807759533533
1339372509513089
1343079579077250
1345499208845034
1348967515201686
1354272287971386
1357632687628759
1360989810587436
1362422740519288
1364350743657313
1368807213200649
1370254929733940
1373869599302140
1378554548861969
1380343345392258
1380818408636925
1391573834209640
1397652460323158
1398917290168934
1403743052997103
1405152179503089
1414689245409478
1416534478363418
1417047141660334
1417461675015028
1419816298077331
1419870224760257
1421506541276390
1422712264714051
1423429864335903
1425467961034769
1425496424141439
1430859806987422
1436017156491200
1436291863120543
1450584011666933
1450939038255636
1460267740702479
1464527536941386
1466410566748391
1467787136616545
1471599606193897
1478312378866667
1478555785500909
1481093598599511
1482530595359232
1483611781680525
1483826815253087
1485272134825535
1490196857936091
1490357657692924
1491688450862380
1493409327607332
1493663924038890
1494072230812908
1498452030451292
1499514426735538
1503536379956825
1506116822762526
1514617698548583
1521521678150175
1522223071134940
1524006520943958
1524740137552055
1525423100832876
1527016527618611
1531102126918553
1531499140480014
1538952539468205
1550582188572277
1552483928384928
1556143594693138
1557753751208933
1560883984136805
1567116026910594
1568481286550745
1575751439408204
1582116671821540
1583226158378759
1583361208595843
1586261971669286
1587339791538723
1589930594374574
1589957317967310
1593452710887369
1593501180955753
1601246513483318
1601463126562619
1601695590118666
1602827316662751
1603361716598716
1605419932805910
1606545666304833
1608031976180986
1609050552698308
1614734265492641
1615920455400907
1617152975218472
1618873084806947
1619343204776579
1619821748041725
1621743701469267
1624004091242318
1624480184246446
1625238984414637
1627474507566886
1627841224116987
1630912730572921
1632327943729803
1632637896971275
1635908479960918
1637563163172872
1637603489881682
1638225536491019
1638319973148737
1638362119801504
1639937906302217
1641044205948033
1641193086126651
1642748139331109
1644357142535835
1646808635629867
1652257611697374
1654018934888817
1656066898053726
1657278364289542
1658188514485494
1660669080915250
1663442293964599
1665862817074957
1666375300359621
1667121283507110
1667191780257790
1668955853401867
1670314596618149
1676482439307594
1678018775844495
1678505272460237
1680258805615563
1680891408884783
1684941141797521
1687475171561823
1687538914909131
1692864197689604
1693350987621323
1694907434077003
1698268667125593
1698271783780663
1698490663744597
1698880450404373
1698952180325968
1699665023674805
1700056203625450
1704258206537428
1704474126248226
1704811449784982
1704887816481328
1707603326229481
1707849002821539
1707922839526616
1708352246122715
1709837689271944
1711131182476566
1711286092474914
1714987162151238
1718340548466318
1720864651485985
1722101718106424
1725480494432215
1725651854362014
1727191190904436
1727573450897537
1728132340762746
1730882023877631
1731163310534742
1731474407132138
1735973890002014
1736387333038393
1737212216505883
1737916226426752
1738690839757698
1739754172954668
1740112346250986
1740621879600819
1740960092808834
1742053632773290
1742108906037280
1742147036008801
1743253832631531
1743977259181474
1744084808954232
1744594752499606
1744657089110418
1746950618890907
1747321792173633
1748162798769679
1749951118629020
1750409905240851
1750690561864332
1752872625041379
1754432771549736
1755861667961841
1756285811355445
1759575014317769
1761031320879529
1765397813476026
1765558203673026
1769119170074551
1770392893203826
1771283449752714
1773918846202341
1776204659330443
1778482612178612
1779244785640516
1780464102239426
1780507215556974
1782089798784493
1783947311619309
1785601055085803
1785905404996731
1786607008257488
1787891621450965
1790103271269913
1790502801232417
1790873874459632
1792424767684824
1793307450926564
1796234687070436
1797452237167322
1798969093660815
1801140286834877
1802426306643890
1804113176541749
1804661376512854
1806007466278426
1807250026180927
1807407856173839
1809638999053421
1810349119279999
1811016608914463
1811106449170335
1811420905812266
1812268849030544
1812738649049969
1813143738933043
1814328408884924
1815666458657116
1818775715099319
1819480018310309
1820480104854702
1820660174867089
1821770718038996
1822367411332140
1827934327496031
1828312020766419
1831386767132294
1831778290474180
1832743266994293
1833864840197909
1834691900145091
1836833776595182
1841244009456152
1841460379460979
1841923369356718
1842235762655534
1844904739062511
1845172849071080
1845438895742171
1845810869016247
1847758538829187
1848363292073539
1848381945383710
1850256608594954
1852011545078378
1853638101559340
1855264694722472
1856009207974942
1856753411219131
1857542241161820
1858485271049806
1859516664267563
1860078814238803
1860987297478271
1861369880816437
1864312487170673
1864322547224815
1865014120413867
1875656199328918
1875787212676528
1879784192259771
1880827262191097
1884099098476471
1884446178477177
1885985651670132
1888808684697402
1888820821391121
1891839177749487
1895847784036460
1897153310564545
1898169640438735
1900029430243280
1900119950216154
1901796590054038
1901855646762030
1905013936434955
1905073369704958
1905324553047528
1905451576345467
1906017046354670
1906151046328426
1907423209489254
1908396412778048
1909009236003729
1915147198765252
1918448335077899
1919134214969128
1920310094863880
1922961631267813
1926609910942844
1928158717429752
1929308203947384
1929981403906431
1930242683931378
1930261287211257
1936415166589167
1939127873008824
1940778102869959
1940809209486752
1943297692568201
1944633785764865
1945429449023233
1947936218823341
1955421988027568
1962871433994513
1964653673809497
1973645422868520
1986903644875566
1989302934649511
2002332969989423
2019870331632938
2029506840609822
2077360085614824
2081910655366492
2113272868899314
2257390594486285
2277019475857422
