104179836981978
104986116863406
105553803447367
105903586735618
107068889960595
107626656582535
107867506584173
109707623054831
109745436349621
109760596372300
109835983060035
110194356340061
110970612919594
112129222827270
112474692781576
113077696040128
113137852732880
113855355991823
113980969298075
115119219146462
115600032439186
116247382396886
116267569072319
116386615743591
116528862300745
116578369024636
116652882320805
116672368994338
116855499027013
116991415698916
118036335592907
118909255509593
119457568706983
120505441914057
121291031826990
121829738471178
122052648442467
122322551758022
123669274933408
125231341441969
126346594682059
126429574645834
126622704624134
128388211108899
129885920948520
129934647644798
130542511016094
131520570813705
132513904036272
133037550652755
144892582775728
146016055987869
146738622578322
146804895900622
147758125818493
150812072172062
150849862165395
151242038794274
153231331900539
157370198146766
159007518014883
159222757986549
160960687805468
161072007790472
161189074443883
163202454230309
165097487392851
165891667307230
166352453942636
168340237047786
168583160377981
172542466638154
175491956324315
175540492988780
195856520947601
214137925781475
226938717835097
235858496912709
248245009021534
250232418801823
257769341387746
260601714458883
271780746661717
272190229965743
272316433271036
274619573021887
274957192991999
276401886192680
279921535822460
281878245624929
296272354172442
300526543741649
305705993226395
306872349779472
308415159625545
310410696096694
310565112738035
310686862700709
326312121113200
326480737787581
326948831086431
328342090961264
330371260742472
332067173871252
334076950387854
335754950213773
338193366635603
339126423177126
344701802625824
346212732485931
348139918954460
350900052011573
351488368620356
353477961732808
360208971079434
360308187734147
365581477212895
371310733286461
377947902623833
386980665032173
410421569360300
432882890421364
438249326570884
455814964817476
463908220640419
465490390475608
466193750429389
466265473750666
468576780164581
469447586721018
471309429934402
471348586565387
473948919648942
477898229252111
482793438751794
484793388556848
485584271812672
489239448095649
490055864681593
490184324653330
492421191096323
492444154438610
496424754058033
500122433674092
504036679939068
504295803237289
511047352621046
549889478735528
576570166066344
633121570219205
638407049686010
659172324282115
662485983949679
680369665493410
691419941061633
703487066511930
705231506342660
726513597553373
734417200077940
743571455827737
750003911838269
750800568425851
753018378233995
758479191007021
776225612550460
783142651862463
789167841251426
801253323389083
805614296283681
818357258339388
820016191498823
820250241470195
826531780848007
827220937442190
839427782897260
842674209233104
850491451769932
850597951770508
859110150911381
872024626285683
890276171125452
932791406860187
936226006524590
940664799407651
966175576857491
986655524770814
1037555916381787
1094215584042791
1097262953737103
1097544700377614
1107887359311689
1168579179908304
1168730829939703
1183290331817135
1196125967160436
1258361907625012
1258617150915212
1287360681387341
1306315646132493
1313694008741263
1367622346690785
1368807213200649
1386099254844530
1388588684544267
1389485921170026
1394923850563142
1402867279825743
1414221055336144
1415406048586933
1419099838185924
1420837471308271
1421632504558542
1424973144205432
1438372729582321
1450851088330665
1452468678204390
1453365011412675
1460461577309657
1466580196766453
1471260106292374
1472287299514469
1488900661186645
1489561524423616
1492474027507660
1505808256152126
1513012568741868
1527264064019468
1534019463327122
1539426919436168
1539917982713650
1546552465402673
1548566055257027
1549835928408517
1557756757600869
1559216107450502
1573720582680581
1585787328160451
1587049464662263
1603630796374163
1606928726004288
1633588683320685
1636238366410567
1644590495573444
1649704668394768
1659568570728655
1662165287127177
1667370363337689
1702628466703342
1712963889009151
1724029531237129
1740097679624660
1750889524972940
1770032363294355
1803503946333919
1826378054345679
1838765206437660
1868588476801857
1889406957985490
1898106100427692
1904496086543245
1907203092871053
1910672202516756
1912207899051979
1913806248834129
1922946414646454
1926726784267536
1928465124090769
1931304143858575
1931856837030064
1932387587084784
1933591423563741
1935113653476024
1937545766508203
1937963456527514
1940185079531349
1942134722738893
1949867558616627
1957474921167677
1964653673809497
1969921963241404
1983296961946843
1986584338239887
1986872478214740
1989802914588144
2008762702688877
2018685181696481
2032562106973632
2064794323750849
2109815145912381
2122705407979024
2181515558741933
2420064944799089
